0.000000000000000000e+00 0.000000000000000000e+00
0.000000000000000000e+00 0.000000000000000000e+00
0.000000000000000000e+00 0.000000000000000000e+00
0.000000000000000000e+00 0.000000000000000000e+00
0.000000000000000000e+00 0.000000000000000000e+00
0.000000000000000000e+00 0.000000000000000000e+00
0.000000000000000000e+00 0.000000000000000000e+00
0.000000000000000000e+00 0.000000000000000000e+00
0.000000000000000000e+00 0.000000000000000000e+00
0.000000000000000000e+00 0.000000000000000000e+00
0.000000000000000000e+00 0.000000000000000000e+00
0.000000000000000000e+00 0.000000000000000000e+00
0.000000000000000000e+00 0.000000000000000000e+00
5.794896019829643155e-10 7.763843131810157206e-10
1.649889681074353948e-07 1.789448046761837439e-08
1.412718384354203075e-05 4.995121271699118352e-07
3.637067697666309610e-04 6.281575609284616686e-06
3.595354325241511932e-03 3.633217382957873258e-05
1.698393904500537788e-02 9.508736224073390214e-05
4.607819801679362975e-02 1.254860665986273131e-04
8.328752959216081941e-02 8.115903461284251297e-05
1.125704266958766492e-01 4.160368803202907703e-05
1.241323255278446031e-01 8.604196627232251642e-05
1.190796332502806754e-01 1.063751989937338415e-04
1.040635478717309714e-01 9.825597592269763548e-05
8.560006993788260576e-02 7.448797541582430381e-05
6.780476730178902622e-02 4.747771474241684248e-05
5.254288776605216954e-02 2.838320293697958773e-05
4.026238104259524664e-02 1.807693501939822890e-05
3.072980656116096679e-02 1.395549073556544405e-05
2.347832228298540186e-02 1.106003417265156301e-05
1.801258284184668185e-02 1.048042088117506848e-05
1.390089251928859973e-02 9.255202547274475044e-06
1.080704154791655575e-02 9.816419021683858839e-06
8.469236973259184828e-03 8.736878450222156111e-06
6.690835235295471486e-03 8.314218425480277187e-06
5.328785352132939940e-03 7.472678649752249529e-06
4.278472093520341822e-03 6.434804059458742247e-06
3.461908273122929307e-03 5.467440114885318821e-06
2.821336189905801831e-03 4.506569862267518756e-06
2.316518127918242888e-03 4.397825025345177883e-06
1.913833176648174371e-03 3.997628000648391427e-06
1.591579395311849962e-03 3.473052092747729881e-06
1.331090347634421517e-03 3.456319119876231711e-06
1.119800684628663228e-03 2.925302607101029434e-06
9.471673104498118606e-04 2.531341017019852590e-06
8.046963148646885024e-04 2.379069233121251818e-06
6.869350318555479933e-04 2.227864655568545551e-06
5.891206363836923223e-04 2.042754775018187605e-06
5.072009784203989225e-04 1.805697668941680767e-06
4.382680963586877516e-04 1.780190299384806413e-06
3.801874540470264146e-04 1.574266626946167318e-06
3.308461496123562325e-04 1.429089325375312392e-06
2.889275274894854886e-04 1.253455283078924244e-06
2.529570901835406999e-04 1.063312495215685672e-06
2.222392570089410638e-04 1.075534164222391849e-06
1.957714281700275837e-04 1.052803056051730392e-06
1.727533837159474618e-04 8.279519920147462865e-07
1.529447458408497653e-04 7.805285915008518914e-07
1.358626617325676890e-04 6.740100014189184499e-07
1.208018097612593051e-04 6.591679330340602655e-07
1.075327948287681370e-04 6.912044478722886972e-07
9.599369433191085553e-05 5.786515851875485420e-07
8.606309140170062652e-05 5.554769714302990029e-07
7.703262898657055454e-05 4.763532893546398506e-07
6.913545506971854253e-05 5.030280328214896429e-07
6.230134103033278326e-05 4.164751264065235989e-07
5.605408438929803538e-05 4.070500655252289902e-07
5.050160818629794395e-05 4.104141629230422861e-07
4.566565707877830730e-05 3.817730901295293857e-07
4.131153777793601130e-05 3.137781149794189383e-07
3.741102086173163821e-05 3.230460051447164638e-07
3.386564828731395630e-05 2.903834574659285552e-07
3.081366971687033747e-05 3.126580177732894665e-07
2.803010521111665157e-05 2.571343556286947423e-07
2.549003671716760410e-05 2.123599683813673400e-07
2.325844985467416851e-05 2.421470951967758964e-07
2.123393394328929742e-05 2.239493113139302947e-07
1.936008532842000009e-05 1.954078158326449436e-07
1.770489745669895102e-05 2.081501755698975516e-07
1.619852803371571017e-05 1.717549225839583576e-07
1.488029956817626987e-05 1.868347778921706747e-07
1.362736026446024554e-05 1.769461596489458183e-07
1.247806681527032000e-05 1.776873893688766577e-07
1.144009055914702471e-05 1.416919028406776435e-07
1.046629967512907665e-05 1.251760278923090824e-07
9.690142340130278371e-06 1.376384533803695221e-07
8.935039794003521264e-06 1.281114968565933560e-07
8.212471449816669165e-06 1.320165430559451432e-07
7.579337667535852478e-06 1.125305223707585005e-07
6.998275165204647389e-06 1.151750130085935511e-07
6.464316889091771628e-06 9.567996047734215598e-08
5.978069923542163601e-06 8.963960837094301275e-08
5.525460949650516627e-06 9.011240565592351410e-08
5.087504784266154254e-06 1.097162213000638523e-07
4.735699406376592539e-06 8.017566213165642958e-08
4.387729697757297412e-06 7.330019591031568586e-08
4.055213045190881775e-06 7.527130686203000747e-08
3.771925414050067179e-06 9.091029709212298917e-08
3.495757226590756465e-06 7.042559229263901785e-08
3.245058986875744978e-06 6.652180034408907661e-08
3.012048977392691486e-06 8.020514650541959266e-08
2.803543099650629394e-06 6.882277707393409663e-08
2.588331699371337298e-06 6.455671745472084258e-08
2.415036713635479526e-06 6.656106600549634132e-08
2.241824512128476954e-06 6.573095732245658652e-08
2.091046836641101064e-06 5.790315542861306974e-08
1.947029873176857939e-06 5.698349649304579587e-08
1.805937952465480993e-06 6.114918426404713534e-08
1.694896706828364743e-06 4.439023798785706029e-08
1.575521848819874155e-06 4.519613295193773184e-08
1.479740496034974983e-06 4.638036333312848500e-08
1.386994564974749627e-06 5.648749182899922126e-08
1.285639074113633592e-06 4.450785408004429292e-08
1.219494475258721241e-06 4.311798897583337164e-08
1.126638165226688883e-06 4.743487716958522547e-08
1.046944547582555598e-06 4.017255383914368727e-08
9.803860275833693721e-07 3.399021037793593938e-08
9.183254506852893098e-07 3.325431428807693969e-08
8.536157784638580331e-07 3.127071454083801856e-08
8.030070198906792064e-07 3.014605831447119507e-08
7.599868156291820604e-07 3.269838904355620196e-08
7.162491480509440598e-07 3.272207832987676145e-08
6.649229261610242726e-07 3.148972822663099590e-08
6.291049498098867354e-07 3.531272498113927120e-08
