-9.829694966330425332e-02
-9.436507167677207764e-02
-9.043319369023991583e-02
-8.650131570370774015e-02
-8.256943771717556446e-02
-7.863755973064340266e-02
-7.470568174411122697e-02
-7.077380375757905129e-02
-6.684192577104688948e-02
-6.291004778451472768e-02
-5.897816979798255199e-02
-5.504629181145037631e-02
-5.111441382491820756e-02
-4.718253583838603882e-02
-4.325065785185386313e-02
-3.931877986532169439e-02
-3.538690187878952564e-02
-3.145502389225734996e-02
-2.752314590572518815e-02
-2.359126791919301247e-02
-1.965938993266085066e-02
-1.572751194612867498e-02
-1.179563395959649930e-02
-7.863755973064337490e-03
-3.931877986532161806e-03
1.387778780781445676e-17
3.931877986532175684e-03
7.863755973064351368e-03
1.179563395959652705e-02
1.572751194612868886e-02
1.965938993266086454e-02
2.359126791919302635e-02
2.752314590572520203e-02
3.145502389225736384e-02
3.538690187878955340e-02
3.931877986532171521e-02
4.325065785185387701e-02
4.718253583838606657e-02
5.111441382491822838e-02
5.504629181145039019e-02
5.897816979798255199e-02
6.291004778451474155e-02
6.684192577104690336e-02
7.077380375757906517e-02
7.470568174411125473e-02
7.863755973064341653e-02
8.256943771717557834e-02
8.650131570370776790e-02
9.043319369023992971e-02
9.436507167677209151e-02
9.829694966330428108e-02
1.022288276498364429e-01
1.061607056363686047e-01
1.100925836229007942e-01
1.140244616094329561e-01
1.179563395959651179e-01
1.218882175824973074e-01
1.258200955690294554e-01
1.297519735555616172e-01
1.336838515420937790e-01
1.376157295286259963e-01
1.415476075151581581e-01
1.454794855016903199e-01
1.494113634882224817e-01
1.533432414747546435e-01
1.572751194612868053e-01
1.612069974478189671e-01
1.651388754343511289e-01
1.690707534208833462e-01
1.730026314074155080e-01
1.769345093939476699e-01
1.808663873804798317e-01
1.847982653670119935e-01
1.887301433535441553e-01
1.926620213400763726e-01
1.965938993266085344e-01
2.005257773131406962e-01
2.044576552996728580e-01
2.083895332862050198e-01
2.123214112727371816e-01
2.162532892592693434e-01
2.201851672458015607e-01
2.241170452323337225e-01
2.280489232188658844e-01
2.319808012053980462e-01
2.359126791919302080e-01
2.398445571784623698e-01
2.437764351649945871e-01
2.477083131515267489e-01
2.516401911380589107e-01
2.555720691245910725e-01
2.595039471111232343e-01
2.634358250976553961e-01
2.673677030841876134e-01
2.712995810707197752e-01
2.752314590572519371e-01
2.791633370437840989e-01
2.830952150303162607e-01
2.870270930168484225e-01
2.909589710033805843e-01
2.948908489899128016e-01
2.988227269764449634e-01
3.027546049629771252e-01
3.066864829495092870e-01
3.106183609360414488e-01
3.145502389225736106e-01
3.184821169091058279e-01
3.224139948956379897e-01
3.263458728821701516e-01
3.302777508687023134e-01
3.342096288552344752e-01
3.381415068417666370e-01
3.420733848282988543e-01
3.460052628148310161e-01
3.499371408013631779e-01
3.538690187878953397e-01
3.578008967744275015e-01
3.617327747609596633e-01
3.656646527474918251e-01
3.695965307340240424e-01
3.735284087205562042e-01
3.774602867070883661e-01
3.813921646936205279e-01
3.853240426801526897e-01
3.892559206666848515e-01
3.931877986532170133e-01
